0 FILE main.ldr
0 Author: LDraw
0 !LDCAD SCRIPT [source=Lego_mars_rover.lua]
0 STEP
0 !LDCAD GROUP_DEF [topLevel=true] [LID=0] [GID=572oXY8sl1u] [name=RightWheels] [center=0 0 0]
0 !LDCAD GROUP_DEF [topLevel=true] [LID=1] [GID=52JWRuSbbvt] [name=LeftWheels] [center=0 0 0]
0 !LDCAD GROUP_DEF [topLevel=true] [LID=2] [GID=7ntHNcgIQ5Y] [name=Gimbal] [center=0 0 0]
1 15 2 -2 -17 0 0 1 0 1 0 -1 0 0 3036.dat
0 STEP
1 15 52 -26 3 0 0 1 0 1 0 -1 0 0 3010.dat
1 15 42 -10 -57 0 0 1 0 1 0 -1 0 0 3022.dat
1 15 52 -26 53 -1 0 0 0 1 0 0 0 -1 4287b.dat
0 STEP
1 0 22 -10 33 0 0 1 0 1 0 -1 0 0 3021.dat
1 0 2 -10 -27 0 0 1 0 1 0 -1 0 0 3021.dat
1 0 -18 -10 33 0 0 1 0 1 0 -1 0 0 3021.dat
0 STEP
1 15 32 -34 33 0 0 1 0 1 0 -1 0 0 3622.dat
1 15 -28 -34 33 0 0 1 0 1 0 -1 0 0 3622.dat
0 STEP
1 15 -48 -26 53 -1 0 0 0 1 0 0 0 -1 4287b.dat
1 15 -48 -26 3 0 0 1 0 1 0 -1 0 0 3010.dat
1 15 -38 -10 -57 0 0 1 0 1 0 -1 0 0 3022.dat
0 STEP
1 15 2 -18 -57 -1 0 0 0 1 0 0 0 -1 3795.dat
0 STEP
1 15 2 -34 -27 -1 0 0 0 1 0 0 0 -1 3700.dat
1 7 2 -34 -7 -1 0 0 0 1 0 0 0 -1 32064a.dat
1 70 2 -24 11 0 0 1 0 1 0 -1 0 0 6587.dat
0 STEP
1 15 -48 -34 23 0 0 1 0 1 0 -1 0 0 3666.dat
1 15 52 -34 23 0 0 1 0 1 0 -1 0 0 3666.dat
1 0 -48 -30 93 -1 0 0 0 1 0 0 0 -1 30162.dat
1 0 52 -30 93 -1 0 0 0 1 0 0 0 -1 30162.dat
0 STEP
1 7 2 -42 -57 -1 0 0 0 1 0 0 0 -1 3001.dat
0 STEP
1 15 -48 -42 -57 0 0 -1 0 1 0 1 0 0 3700.dat
1 0 -78 -32 -57 1 0 0 0 1 0 0 0 1 87083.dat
0 !LDCAD GROUP_NXT [ids=0] [nrs=2]
1 7 -63 -32 -57 0 0 1 0 1 0 -1 0 0 32123b.dat
0 !LDCAD GROUP_NXT [ids=1] [nrs=4]
1 0 82 -32 -57 -1 0 0 0 1 0 0 0 -1 87083.dat
0 !LDCAD GROUP_NXT [ids=1] [nrs=2]
1 7 67 -32 -57 0 0 -1 0 1 0 1 0 0 32123b.dat
1 15 52 -42 -57 0 0 1 0 1 0 -1 0 0 3700.dat
0 STEP
1 15 2 -26 -97 -1 0 0 0 1 0 0 0 -1 2456.dat
1 15 -48 -34 -97 0 0 -1 0 1 0 1 0 0 3023.dat
1 15 52 -34 -97 0 0 -1 0 1 0 1 0 0 3023.dat
1 7 -18 -42 -107 1 0 0 0 1 0 0 0 1 99206.dat
1 7 22 -42 -107 1 0 0 0 1 0 0 0 1 99206.dat
1 0 2 -42 -87 1 0 0 0 1 0 0 0 1 3023.dat
0 STEP
1 0 2 -50 -67 0 0 1 0 1 0 -1 0 0 3021.dat
1 15 -38 -50 -57 0 0 1 0 1 0 -1 0 0 3022.dat
1 15 42 -50 -57 0 0 1 0 1 0 -1 0 0 3022.dat
0 STEP
1 15 -48 -48 87 -1 0 0 0 0 -1 0 -1 0 3024.dat
1 15 -48 -48 103 -1 0 0 0 0 -1 0 -1 0 3070b.dat
1 15 -48 -58 73 -1 0 0 0 1 0 0 0 -1 4070.dat
1 15 -48 -48 95 -1 0 0 0 0 -1 0 -1 0 3024.dat
1 15 52 -48 103 -1 0 0 0 0 -1 0 -1 0 3070b.dat
1 15 52 -48 95 -1 0 0 0 0 -1 0 -1 0 3024.dat
1 15 52 -48 87 -1 0 0 0 0 -1 0 -1 0 3024.dat
1 15 52 -58 73 -1 0 0 0 1 0 0 0 -1 4070.dat
0 STEP
1 15 -48 -58 53 0 0 1 0 1 0 -1 0 0 4070.dat
1 15 52 -58 53 0 0 -1 0 1 0 1 0 0 4070.dat
1 15 -62 -48 53 0 1 0 0 0 -1 -1 0 0 3070b.dat
1 15 66 -48 53 0 -1 0 0 0 -1 1 0 0 3070b.dat
1 15 2 -58 53 -1 0 0 0 1 0 0 0 -1 3659.dat
0 STEP
1 15 -48 -58 23 0 0 -1 0 1 0 1 0 0 3004.dat
1 0 52 -58 23 0 0 -1 0 1 0 1 0 0 2877.dat
0 STEP
1 7 2 -58 23 1 0 0 0 1 0 0 0 1 3001.dat
1 15 2 -58 -17 -1 0 0 0 1 0 0 0 -1 2456.dat
0 STEP
1 15 2 -58 -57 -1 0 0 0 1 0 0 0 -1 3795.dat
0 STEP
1 15 52 -58 -97 0 0 -1 0 1 0 1 0 0 3004.dat
1 15 52 -66 -97 0 0 -1 0 1 0 1 0 0 3069a.dat
0 STEP
1 15 2 -58 -87 1 0 0 0 1 0 0 0 1 3710.dat
1 15 2 -66 -107 1 0 0 0 1 0 0 0 1 30414.dat
0 STEP
1 15 -48 -42 -97 0 0 -1 0 1 0 1 0 0 3023.dat
1 15 -48 -66 -87 0 0 1 0 1 0 -1 0 0 4070.dat
1 15 -62 -56 -87 0 1 0 0 0 -1 -1 0 0 3070b.dat
1 15 -48 -66 -107 0 0 1 0 1 0 -1 0 0 3062b.dat
0 STEP
1 15 -28 -66 43 0 0 -1 0 1 0 1 0 0 3023.dat
1 15 32 -66 43 0 0 -1 0 1 0 1 0 0 3069a.dat
1 15 2 -66 53 1 0 0 0 1 0 0 0 1 3069a.dat
1 15 2 -66 33 1 0 0 0 1 0 0 0 1 3794a.dat
0 STEP
1 15 52 -66 63 0 0 -1 0 1 0 1 0 0 3710.dat
1 15 -48 -66 63 0 0 -1 0 1 0 1 0 0 3710.dat
0 STEP
1 15 2 -66 13 1 0 0 0 1 0 0 0 1 3069a.dat
1 15 2 -66 -47 1 0 0 0 1 0 0 0 1 3069a.dat
1 15 32 -66 -37 0 0 -1 0 1 0 1 0 0 3069a.dat
1 15 -28 -66 -37 0 0 -1 0 1 0 1 0 0 3069a.dat
1 15 -48 -66 -27 0 0 1 0 1 0 -1 0 0 3070b.dat
1 15 52 -66 -27 0 0 1 0 1 0 -1 0 0 3070b.dat
1 15 -38 -66 3 0 0 1 0 1 0 -1 0 0 3068a.dat
1 15 42 -66 3 0 0 1 0 1 0 -1 0 0 3068a.dat
1 0 2 -66 -17 0 0 1 0 1 0 -1 0 0 3680.dat
0 STEP
1 15 -18 -66 -77 0 0 1 0 1 0 -1 0 0 3068a.dat
1 15 22 -66 -77 0 0 1 0 1 0 -1 0 0 3068a.dat
1 15 -48 -66 -57 0 0 1 0 1 0 -1 0 0 3794a.dat
1 15 52 -66 -57 0 0 1 0 1 0 -1 0 0 3794a.dat
0 STEP
1 15 -38 6 43 0 0 1 0 1 0 -1 0 0 2654.dat
1 15 42 6 43 0 0 1 0 1 0 -1 0 0 2654.dat
1 15 -38 6 -77 0 0 1 0 1 0 -1 0 0 2654.dat
1 15 42 6 -77 0 0 1 0 1 0 -1 0 0 2654.dat
0 STEP
1 16 3 -18 -125 0 0 1 1 0 0 0 1 0 frond_panel.ldr
0 STEP
1 15 -48 -90 93 1 0 0 0 1 0 0 0 1 3040b.dat
1 15 52 -90 93 1 0 0 0 1 0 0 0 1 3040b.dat
0 STEP
1 15 -28 -66 43 0 0 -1 0 1 0 1 0 0 85984.dat
1 15 -48 -74 43 0 0 -1 0 1 0 1 0 0 3023.dat
1 0 2 -90 33 0 0 -1 0 1 0 1 0 0 59900.dat
1 0 52 -74 33 0 0 -1 0 1 0 1 0 0 6141.dat
0 STEP
1 15 -48 -82 43 0 0 -1 0 1 0 1 0 0 3069a.dat
1 15 -48 -98 93 -1 0 0 0 1 0 0 0 -1 12825.dat
1 15 52 -98 93 -1 0 0 0 1 0 0 0 -1 12825.dat
1 15 52 -82 33 0 0 -1 0 1 0 1 0 0 4740.dat
0 STEP
1 7 -48 -104 106 1 0 0 0 0 1 0 -1 0 4697b.dat
1 0 -48 -112 106 1 0 0 0 -1 0 0 0 -1 3062b.dat
1 7 52 -84 33 1 0 0 0 1 0 0 0 1 60849.dat
1 7 52 -104 90 -1 0 0 0 0 1 0 1 0 60849.dat
0 STEP
1 15 52 -96 15 -0.866 0 -0.5 -0.5 0 0.866 0 1 0 30261.dat
0 STEP
1 0 -48 -90 -57 0 0 -1 0 1 0 1 0 0 59900.dat
1 0 52 -90 -57 0 0 -1 0 1 0 1 0 0 59900.dat
1 7 2 -66 -17 0 0 1 0 1 0 -1 0 0 3679.dat
0 STEP
0 !LDCAD GROUP_NXT [ids=2] [nrs=3]
1 0 -8 -74 -17 0 0 1 0 1 0 -1 0 0 2508.dat
0 !LDCAD GROUP_NXT [ids=2] [nrs=-1]
1 0 12 -74 -17 0 0 -1 0 1 0 1 0 0 2508.dat
0 !LDCAD GROUP_NXT [ids=2] [nrs=2]
1 0 2 -82 -17 0 0 -1 0 1 0 1 0 0 14769.dat
0 STEP
1 8 -48 -80 -107 0.866 0 -0.5 0 1 0 0.5 0 0.866 48729a.dat
1 8 -28 -80 -139 0.866 0 -0.5 0 1 0 0.5 0 0.866 48729a.dat
0 STEP
1 0 -50.5 -80 -102.67 0 0.5 -0.866 1 0 0 0 -0.866 -0.5 4522.dat
1 7 -43 -80 -115.66 0 -0.866 -0.5 1 0 0 0 -0.5 0.866 32123b.dat
1 16 2 -46.961 106.433 0 0 1 0.383 0.924 0 -0.924 0.383 0 reactor.ldr
0 STEP
0 !LDCAD GROUP_NXT [ids=0] [nrs=3]
1 0 -73 -32 -57 0 1 0 0 0 -1 -1 0 0 6632.dat
0 !LDCAD GROUP_NXT [ids=1] [nrs=3]
1 0 77 -32 -57 0 1 0 0 0 -1 -1 0 0 6632.dat
0 !LDCAD GROUP_NXT [ids=0] [nrs=4]
1 7 -85 -72 -57 1 0 0 0 0 -1 0 1 0 2736.dat
0 !LDCAD GROUP_NXT [ids=1] [nrs=5]
1 7 89 -72 -57 -1 0 0 0 0 -1 0 -1 0 2736.dat
0 STEP
1 0 -97 -72 -37 0 0 1 1 0 0 0 1 0 6571.dat
1 0 102 -72 -37 0 0 -1 1 0 0 0 -1 0 6571.dat
0 STEP
0 !LDCAD GROUP_NXT [ids=0] [nrs=-1]
1 16 -108 -32 -57 -1 0 0 0 1 0 0 0 -1 right_wheels.ldr
0 STEP
0 !LDCAD GROUP_NXT [ids=1] [nrs=-1]
1 16 112 -32 -57 -1 0 0 0 1 0 0 0 -1 left-wheel.ldr
0 STEP
1 0 -36 -118 -127.784 -0.5 0 0.866 0 -1 0 0.866 0 0.5 59900.dat
1 15 -36 -94 -127.784 -0.5 0 0.866 0 -1 0 0.866 0 0.5 3062b.dat
1 7 -36 -87 -127.784 0.5 0 0.866 0 1 0 -0.866 0 0.5 42446.dat
1 8 -36 -80 -127.784 0.866 0 0.5 0 -1 0 0.5 0 -0.866 48729a.dat
0 STEP
1 16 -34 -187 -127.784 -0.966 0 -0.259 0 -1 0 -0.259 0 0.966 Rover_head.ldr
1 16 42 -16 -179 1 0 0 0 1 0 0 0 1 RoverArm.ldr
0 FILE frond_panel.ldr
0 Name: frond_panel.ldr
0 Author: LDraw
1 15 2 -8 -1 0 0 -1 0 1 0 1 0 0 87609.dat
1 15 -38 0 -1 0 0 1 0 1 0 -1 0 0 3666.dat
0 STEP
1 15 -18 -8 -61 0 0 -1 0 1 0 1 0 0 43722.dat
1 15 -18 -8 59 0 0 -1 0 1 0 1 0 0 43723.dat
0 STEP
1 15 -8 -16 -1 0 0 -1 0 1 0 1 0 0 3795.dat
1 15 -38 -16 -51 1 0 0 0 1 0 0 0 1 60897.dat
1 15 -38 -16 49 -1 0 0 0 1 0 0 0 -1 60897.dat
0 STEP
1 15 20 -2 -21 0 -1 0 0 0 1 -1 0 0 3794b.dat
1 15 20 -2 19 0 -1 0 0 0 1 -1 0 0 3794b.dat
0 STEP
1 15 -38 -24 -1 0 0 1 0 1 0 -1 0 0 30414.dat
0 STEP
1 7 -56 -14 29 0 1 0 0 0 -1 -1 0 0 98138.dat
1 7 -56 -14 -11 0 1 0 0 0 -1 -1 0 0 98138.dat
1 15 -56 -14 9 0 1 0 0 0 -1 -1 0 0 3070b.dat
0 STEP
1 15 -18 -24 -61 0 0 -1 0 1 0 1 0 0 43722.dat
1 15 -18 -24 59 0 0 -1 0 1 0 1 0 0 43723.dat
1 15 -8 -24 -31 1 0 0 0 1 0 0 0 1 3794b.dat
1 15 -18 -24 -1 0 0 1 0 1 0 -1 0 0 3069b.dat
1 0 -18 -24 29 0 0 1 0 1 0 -1 0 0 3024.dat
1 15 2 -24 29 0 0 1 0 1 0 -1 0 0 3070b.dat
1 0 -8 -32 -31 1 0 0 0 1 0 0 0 1 6141.dat
1 15 2 -16 -1 0 0 1 0 1 0 -1 0 0 85984.dat
0 STEP
1 0 2 -32 -51 1 0 0 0 1 0 0 0 1 6141.dat
1 0 -18 -32 -51 1 0 0 0 1 0 0 0 1 3024p01.dat
1 0 -18 -32 -51 0 0 -1 0 1 0 1 0 0 54200.dat
0 STEP
1 0 -38 -32 39 0 0 -1 0 1 0 1 0 0 32530.dat
1 0 -18 -32 39 0 0 -1 0 1 0 1 0 0 32530.dat
1 1 -18 -54 39 1 0 0 0 1 0 0 0 1 6558.dat
0 STEP
1 0 24 -2 -21 0 -1 0 0 0 1 -1 0 0 30162.dat
1 0 24 -2 19 0 -1 0 0 0 1 -1 0 0 30162.dat
0 FILE reactor.ldr
0 Author: LDraw
1 7 0 0 0 1 0 0 0 1 0 0 0 1 32073.dat
1 0 60 0 0 0 0 1 0 1 0 -1 0 0 32016.dat
0 STEP
1 15 30 0 0 0 -1 0 0 0 1 -1 0 0 4032a.dat
1 15 14 0 0 0 -1 0 0 0 1 -1 0 0 4032a.dat
1 15 22 0 0 0 -1 0 0 0 1 -1 0 0 75937.dat
0 STEP
1 15 -15 0 0 0 0 1 0 1 0 -1 0 0 55981.dat
0 STEP
1 15 -43 0 0 0 1 0 0 0 -1 -1 0 0 75937.dat
1 15 -51 0 0 0 1 0 0 0 1 1 0 0 4032a.dat
1 15 -59 0 0 0 1 0 0 0 1 1 0 0 4150.dat
1 15 -11 -1 -32 -1 0 0 0 0 1 0 1 0 63868.dat
1 6 -11 -1 -40 -1 0 0 0 0 1 0 1 0 2412b.dat
1 15 -11 -23.371 -21.957 -1 0 0 0 0.707 0.707 0 0.707 -0.707 63868.dat
1 6 -11 -29.028 -27.614 -1 0 0 0 0.707 0.707 0 0.707 -0.707 2412b.dat
1 15 -11 23.371 -21.957 -1 0 0 0 -0.707 0.707 0 0.707 0.707 63868.dat
1 6 -11 29.028 -27.614 -1 0 0 0 -0.707 0.707 0 0.707 0.707 2412b.dat
1 15 -11 -1 32 -1 0 0 0 0 -1 0 -1 0 63868.dat
1 6 -11 -1 40 -1 0 0 0 0 -1 0 -1 0 2412b.dat
1 15 -11 22.664 22.664 -1 0 0 0 -0.707 -0.707 0 -0.707 0.707 63868.dat
1 6 -11 28.321 28.321 -1 0 0 0 -0.707 -0.707 0 -0.707 0.707 2412b.dat
1 15 -11 -23.371 21.957 -1 0 0 0 0.707 -0.707 0 -0.707 -0.707 63868.dat
1 6 -11 -29.028 27.614 -1 0 0 0 0.707 -0.707 0 -0.707 -0.707 2412b.dat
0 FILE right_wheels.ldr
0 Author: LDraw
1 7 0 0 60 0 1 0 0 0 -1 -1 0 0 32073.dat
1 0 0 0 20 1 0 0 0 1 0 0 0 1 32039.dat
0 STEP
1 1 -20 0 30 0 0 1 0 1 0 -1 0 0 43093.dat
1 0 0 0 40 0 0 -1 -1 0 0 0 1 0 60483.dat
0 STEP
1 0 -20 19.134 -46.194 0 0 1 0.383 0.924 0 -0.924 0.383 0 3705.dat
1 0 -20 0 0 -1 0 0 0 -0.924 -0.383 0 -0.383 0.924 32016.dat
0 STEP
1 0 -20 30.615 -73.91 1 0 0 0 0.924 -0.383 0 0.383 0.924 32039.dat
1 0 0 0 100 1 0 0 0 -1 0 0 0 -1 32039.dat
1 0 0 0 69 0 0 -1 0 -1 0 -1 0 0 62462.dat
1 0 -20 19.134 -46.194 0 0 -1 0.383 -0.924 0 -0.924 -0.383 0 62462.dat
0 STEP
1 18 -10 38.268 -92.388 -1 0 0 0 -0.924 -0.383 0 -0.383 0.924 3749.dat
0 STEP
1 0 -10 0 120 -1 0 0 0 -1 0 0 0 1 32062.dat
1 0 -20 20 120 1 0 0 0 0 1 0 -1 0 32039.dat
1 0 -20 30 120 0 -1 0 1 0 0 0 0 1 32062.dat
1 0 -20 40 120 -1 0 0 0 0 -1 0 -1 0 32039.dat
0 STEP
1 7 10 60 120 0 0 1 0 1 0 -1 0 0 wheel_55981+89201-1.ldr
1 6 2 60 120 1 0 0 0 1 0 0 0 1 6587.dat
0 STEP
1 0 0 38.268 -92.388 -1 0 0 0 -0.999 0.043 0 0.043 0.999 32016.dat
1 0 0 36.96 -122.359 0 0 1 0.043 -0.999 0 0.999 0.043 0 32062.dat
1 0 0 36.523 -132.35 1 0 0 0 0.999 0.043 0 -0.043 0.999 32039.dat
1 7 0 55.173 -56.136 0 0 1 -0.423 0.906 0 -0.906 -0.423 0 4519.dat
1 0 0 63.625 -38.009 -1 0 0 0 0.906 -0.423 0 -0.423 -0.906 32039.dat
0 STEP
1 0 -20 65.622 -153.64 0 -1 0 0.999 0 0.043 -0.043 0 0.999 32062.dat
1 0 -20 75.613 -154.076 -1 0 0 0 -0.043 -0.999 0 -0.999 0.043 32039.dat
1 0 -10 35.651 -152.331 -1 0 0 0 -0.999 0.043 0 0.043 0.999 32062.dat
1 0 -20 55.632 -153.203 1 0 0 0 -0.043 0.999 0 -0.999 -0.043 32039.dat
0 STEP
1 7 30 72.078 -19.884 0 0 1 -0.423 0.906 0 -0.906 -0.423 0 wheel_55981+89201-1.ldr
1 6 22 72.078 -19.884 1 0 0 0 0.906 0.423 0 -0.423 0.906 6587.dat
1 7 9 95.594 -154.948 0 0 1 -0.043 0.999 0 -0.999 -0.043 0 wheel_55981+89201-1.ldr
1 6 1 95.594 -154.948 1 0 0 0 0.999 0.043 0 -0.043 0.999 6587.dat
0 FILE wheel_55981+89201-1.ldr
0 Name: wheel_55981+89201-1.ldr
0 Author: LDCad
0 !CATEGORY complete wheel
1 16 0 0 0 1 0 0 0 1 0 0 0 1 55981.dat
1 256 0 0 0 1 0 0 0 1 0 0 0 1 89201.dat
0 FILE left-wheel.ldr
0 Name: left-wheel.ldr
0 Author: LDraw
0 STEP
0 !LDCAD GROUP_DEF [topLevel=false] [LID=0] [GID=5oItvgMY4OP] [name=LeftRocker] [center=0 0 0]
1 7 0 0 60 0 -1 0 0 0 -1 1 0 0 32073.dat
1 0 0 0 20 1 0 0 0 1 0 0 0 1 32039.dat
0 STEP
1 1 20 0 30 0 0 1 0 1 0 -1 0 0 43093.dat
1 0 0 0 40 0 0 1 1 0 0 0 1 0 60483.dat
0 STEP
1 0 20 19.134 -46.194 0 0 -1 -0.383 0.924 0 0.924 0.383 0 3705.dat
1 0 20 0 0 -1 0 0 0 -0.924 -0.383 0 -0.383 0.924 32016.dat
0 STEP
1 0 20 30.615 -73.91 1 0 0 0 0.924 -0.383 0 0.383 0.924 32039.dat
1 0 0 0 100 1 0 0 0 -1 0 0 0 -1 32039.dat
1 0 0 0 70 0 0 1 0 -1 0 1 0 0 62462.dat
1 0 20 19.134 -46.194 0 0 1 -0.383 -0.924 0 0.924 -0.383 0 62462.dat
0 STEP
1 18 10 38.268 -92.388 1 0 0 0 -0.924 0.383 0 -0.383 -0.924 3749.dat
0 STEP
1 0 10 0 120 -1 0 0 0 -1 0 0 0 1 32062.dat
1 0 20 20 120 1 0 0 0 0 1 0 -1 0 32039.dat
1 0 20 30 120 0 1 0 -1 0 0 0 0 1 32062.dat
1 0 20 40 120 -1 0 0 0 0 -1 0 -1 0 32039.dat
0 STEP
1 7 -10 60 120 0 0 -1 0 1 0 1 0 0 wheel_55981+89201-1.ldr
1 6 -2 60 120 -1 0 0 0 1 0 0 0 -1 6587.dat
0 !LDCAD GROUP_NXT [ids=0] [nrs=3]
1 0 0 38.401 -92.457 -1 0 0 0 -0.998 0.06 0 0.06 0.998 32016.dat
0 STEP
1 0 0 36.57 -122.401 0 0 -1 -0.06 -0.998 0 -0.998 0.06 0 32062.dat
0 !LDCAD GROUP_NXT [ids=0] [nrs=4]
1 0 0 35.959 -132.383 1 0 0 0 0.998 0.06 0 -0.06 0.998 32039.dat
0 !LDCAD GROUP_NXT [ids=0] [nrs=2]
1 7 0 55.936 -56.506 0 0 -1 0.439 0.899 0 0.899 -0.439 0 4519.dat
0 !LDCAD GROUP_NXT [ids=0] [nrs=-1]
1 0 0 64.703 -38.529 -1 0 0 0 0.899 -0.439 0 -0.439 -0.899 32039.dat
0 STEP
0 !LDCAD GROUP_NXT [ids=0] [nrs=11]
1 0 20 75.843 -147.959 0 1 0 -0.991 0 -0.131 -0.131 0 0.991 32062.dat
0 !LDCAD GROUP_NXT [ids=0] [nrs=9]
1 0 20 85.758 -146.654 -1 0 0 0 0.131 -0.991 0 -0.991 -0.131 32039.dat
1 0 10 34.739 -152.346 -1 0 0 0 -0.998 0.06 0 0.06 0.998 32062.dat
0 !LDCAD GROUP_NXT [ids=0] [nrs=10]
1 0 20 54.701 -153.566 1 0 0 0 -0.06 0.998 0 -0.998 -0.06 32039.dat
0 STEP
0 !LDCAD GROUP_NXT [ids=0] [nrs=5]
1 7 -30 73.471 -20.554 0 0 -1 -0.07 0.998 0 0.998 0.07 0 wheel_55981+89201-1.ldr
0 !LDCAD GROUP_NXT [ids=0] [nrs=7]
1 6 -22 73.471 -20.554 -1 0 0 0 0.899 -0.439 0 -0.439 -0.899 6587.dat
0 STEP
0 !LDCAD GROUP_NXT [ids=0] [nrs=6]
1 7 -10 94.627 -156.008 0 0 -1 0.318 0.948 0 0.948 -0.318 0 wheel_55981+89201-1.ldr
0 !LDCAD GROUP_NXT [ids=0] [nrs=8]
1 6 -1 94.627 -156.008 -1 0 0 0 0.998 -0.06 0 -0.06 -0.998 6587.dat
0 STEP
0 FILE Rover_head.ldr
0 Name: Rover_head.ldr
0 Author: LDraw
1 15 0 0 0 1 0 0 0 1 0 0 0 1 32028.dat
0 STEP
1 15 10 -10 -10 -1 0 0 0 0 1 0 1 0 4070.dat
1 15 -10 -10 -10 -1 0 0 0 0 1 0 1 0 4070.dat
0 STEP
1 15 10 -24 0 -1 0 0 0 1 0 0 0 -1 3070b.dat
1 15 10 -10 -18 -1 0 0 0 0 1 0 1 0 3070b.dat
1 36 -10 -10 -18 -1 0 0 0 0 1 0 1 0 6141.dat
0 STEP
1 7 -10 -10 -18 0 0 1 1 0 0 0 1 0 42446.dat
1 15 -31 -10 -8 0 1 0 0 0 1 1 0 0 3070b.dat
0 STEP
1 15 -10 -32 0 0 0 -1 0 1 0 1 0 0 4697b.dat
1 8 2 -32 0 0 0 -1 0 -1 0 -1 0 0 48729a.dat
1 7 -21 -32 0 0 0 -1 0 -1 0 -1 0 0 32123b.dat
0 FILE RoverArm.ldr
0 Name: RoverArm.ldr
0 Author: LDraw
0 !LDCAD GROUP_DEF [topLevel=true] [LID=0] [GID=23xQJHoDnTo] [name=Group 1] [center=0 0 0]
0 !LDCAD GROUP_DEF [topLevel=true] [LID=1] [GID=78TTrZDV5e8] [name=Group 2] [center=0 0 0]
0 !LDCAD GROUP_DEF [topLevel=true] [LID=2] [GID=1CMfkSbecxd] [name=Group 3] [center=0 0 0]
0 !LDCAD GROUP_DEF [topLevel=true] [LID=3] [GID=4Epy69tMNz6] [name=Group 4] [center=0 0 0]
0 !LDCAD GROUP_NXT [ids=1] [nrs=5]
1 0 0 -40 -89.282 -1 0 0 0 -0.966 0.259 0 0.259 0.966 32013.dat
0 !LDCAD GROUP_NXT [ids=1] [nrs=4]
1 0 10 -40 -89.282 -1 0 0 0 0.966 -0.259 0 -0.259 -0.966 4459.dat
0 STEP
0 !LDCAD GROUP_NXT [ids=1] [nrs=2]
1 7 0 -50.353 -127.919 0 0 1 -0.259 0.966 0 -0.966 -0.259 0 4519.dat
0 STEP
0 !LDCAD GROUP_NXT [ids=0] [nrs=3]
1 0 20 -40 -89.282 -1 0 0 0 0.866 -0.5 0 -0.5 -0.866 32013.dat
0 !LDCAD GROUP_NXT [ids=0] [nrs=-1]
1 7 20 -20 -54.641 0 0 1 0.5 -0.866 0 0.866 0.5 0 4519.dat
0 STEP
0 !LDCAD GROUP_NXT [ids=1] [nrs=-1]
1 7 0 -50.353 -127.919 -1 0 0 0 0.966 -0.259 0 -0.259 -0.966 3713.dat
0 !LDCAD GROUP_NXT [ids=0] [nrs=4]
1 7 20 -20 -54.641 -1 0 0 0 0.866 -0.5 0 -0.5 -0.866 3713.dat
0 !LDCAD GROUP_NXT [ids=0] [nrs=2]
1 0 20 0 -20 -1 0 0 0 -0.866 0.5 0 0.5 0.866 32013.dat
0 !LDCAD GROUP_NXT [ids=1] [nrs=3]
1 0 0 -60.706 -166.556 -1 0 0 0 0.966 -0.259 0 -0.259 -0.966 32013.dat
0 STEP
0 !LDCAD GROUP_NXT [ids=2] [nrs=2]
1 1 10 -60.706 -166.556 1 0 0 0 0.866 0.5 0 -0.5 0.866 43093.dat
1 1 10 0 -20 -1 0 0 0 1 0 0 0 -1 43093.dat
0 !LDCAD GROUP_NXT [ids=2] [nrs=-1]
1 0 20 -60.706 -166.556 -1 0 0 0 -0.5 -0.866 0 -0.866 0.5 6536.dat
1 0 0 0 -20 -1 0 0 0 0 1 0 1 0 6536.dat
0 STEP
0 !LDCAD GROUP_NXT [ids=3] [nrs=2]
1 7 20 -79.366 -178.877 0 0.866 -0.5 -0.866 0.25 0.433 0.5 0.433 0.75 4274.dat
0 STEP
0 !LDCAD GROUP_NXT [ids=3] [nrs=-1]
1 16 20 -100.15 -166.877 0.5 0 0.866 -0.433 0.866 0.25 -0.75 -0.5 0.433 ArmHead.ldr
0 FILE ArmHead.ldr
0 Name: ArmHead.ldr
0 Author: LDraw
1 0 0 0 0 0 0 -1 0 1 0 1 0 0 4733.dat
0 STEP
1 0 10 10 20 0 -1 0 -1 0 0 0 0 -1 4070.dat
1 0 0 10 -34 0 0 -1 -1 0 0 0 1 0 59900.dat
0 STEP
1 0 18 10 0 0 -1 0 0 0 -1 1 0 0 3623p05.dat
0 STEP
1 0 26 10 0 0 -1 0 0 0 -1 1 0 0 6141.dat
1 0 34 10 0 0 -1 0 0 0 -1 1 0 0 6141.dat
0 STEP
1 0 18 10 20 0 -1 0 -1 0 0 0 0 -1 54200.dat
1 0 18 10 -20 0 -1 0 1 0 0 0 0 1 54200.dat
0 STEP
1 0 -18 10 -10 0 1 0 0 0 -1 -1 0 0 3023.dat
0 STEP
1 0 -22 10 0 0 1 0 1 0 0 0 0 -1 30162.dat
